   x0 x1 x2 x3 x4 x5 x6 x7 x8 x9 x10 x11 x12 x13 x14 x15
c0 y0 8  8  8  8  8  8  8  8  8  8  8   8    8    8      8
c1 y1 8  8  8  8  8  8  8  8  8  8  8  8 8 8 8 8
c2 y2 8  8  8  8  8  12 12 8  8  4  4  8 8 8 8 8
c3 y3 8  6  6  6  6  10 10 6  6  10 10 6 6 6 6 6
y4 8  8  8  8  8  8  8  8  8  8  8  8 12 12 12 12
y5 8  8  8  8  8  8  8  8  8  8  8  8 4 12 12 4
y6 8  8  8  8  8  12 12 8  4  8  8  4 8 8 8 8
y7 8  10 10 10 10 6  6  10 6  10 10 6 10 10 10 10
y8 8  8  8  8  8  8  8  8  8  12 12 8 8 12 12 8
y9 8  8  8  8  8  8  8  8  8  12 12 8 8 4 4 8
y10 8 8  8  8  12 8  8  12 8  8  8  8 4 8 8 4
y11 8 10 10 10 6  10 10 6  10 10 10 10 6 10 10 6
y12 8 4  4  8  4  8  8  4  8  8  8  8 8 8 8 8
y13 8 12 12 8  4  8  8  4  8  8  8  8 8 8 8 8
y14 8 12 12 8  8  8  8  8  4  8  8  4 8 8 8 8
y15 8 10 10 6  6  6  6  6  10 6  6  10 6 6 6 6

0 1 2 3 4 5 6 7 8 9 a b c d e f 
8 8 8 10 6 6 10 12 8 8 4 6 6 6 6
8 8 4 8 12 8 8 10 10 10 6 10 6 10 10
8 8 4 6 6 10 6 10 6 6 6 8 12 8 8
8 8 8 8 8 4 4 8 8 8 8 8 8 12 4
8 8 8 10 6 10 6 8 12 12 8 10 10 6 6
8 8 4 12 8 8 8 6 6 6 10 10 6 6 6
8 8 12 10 10 10 6 10 6 6 6 12 8 8 8
8 8 8 8 4 8 4 8 8 8 8 8 4 8 12
8 8 8 6 6 10 10 12 8 8 12 10 6 10 6
8 4 8 8 8 12 8 6 6 10 6 6 6 10 6
8 12 8 10 6 10 10 6 10 6 6 8 8 12 8
12 12 8 8 8 8 8 8 4 12 8 8 8 8 8
4 12 8 6 10 10 6 8 8 8 8 6 6 6 6
4 8 8 12 8 8 8 10 6 10 10 6 10 10 10
4 8 8 6 6 6 10 6 6 10 6 12 8 8 8